91,52
91,51
91,50
91,49
91,48
91,47
91,46
91,45
91,44
91,43
91,42
91,41
91,40
91,39
91,38
91,37
91,36
91,35
3,2
10,140
10,14
10,262
10,160
10,10
10,102
10,2
10,3
11,4
11,24
11,16
9,7
9,2
9,3
8,16
8,8
8,17
8,13
8,2
81,3
81,2
81,1
79,3
79,1
17,3
17,2
17,1
16,3
16,2
16,1
15,3
15,2
15,1
14,2
20,2
13,2
12,3
20,1
12,2
20,3
12,1
11,27
11,25
11,23
11,22
11,19
11,18
11,17
11,14
11,13
11,12
11,11
11,10
11,9
11,8
11,7
11,5
19,2
11,3
19,1
11,2
19,3
11,1
10,298
10,295
10,286
10,285
10,284
10,281
10,274
10,265
10,257
